	90		
Frequency (Hz)	Level (dB)

11.139739	-64.69
11.301211	-64.64
11.465025	-64.57
11.631213	-64.48
11.799810	-64.37
11.970850	-64.24
12.144370	-64.09
12.320405	-63.92
12.498992	-63.73
12.680168	-63.52
12.863969	-63.30
13.050435	-63.04
13.239604	-62.78
13.431515	-62.52
13.626208	-62.25
13.823722	-61.93
14.024100	-61.64
14.227382	-61.35
14.433611	-61.01
14.642829	-60.71
14.855080	-60.41
15.070408	-60.08
15.288856	-59.80
15.510471	-59.50
15.735299	-59.23
15.963385	-58.97
16.194778	-58.74
16.429525	-58.53
16.667674	-58.35
16.909275	-58.20
17.154379	-58.10
17.403035	-58.03
17.655296	-58.01
17.911213	-58.04
18.170840	-58.13
18.434230	-58.26
18.701438	-58.45
18.972519	-58.71
19.247530	-59.04
19.526527	-59.41
19.809568	-59.84
20.096712	-60.33
20.388018	-60.88
20.683546	-61.46
20.983358	-62.08
21.287517	-62.70
21.596084	-63.32
21.909123	-63.91
22.226701	-64.45
22.548881	-64.94
22.875732	-65.36
23.207320	-65.72
23.543715	-66.03
23.884986	-66.30
24.231204	-66.53
24.582441	-66.72
24.938768	-66.87
25.300261	-67.02
25.666993	-67.14
26.039042	-67.25
26.416483	-67.38
26.799396	-67.51
27.187858	-67.68
27.581952	-67.88
27.981758	-68.12
28.387360	-68.39
28.798840	-68.68
29.216286	-69.01
29.639782	-69.36
30.069416	-69.71
30.505279	-70.05
30.947459	-70.35
31.396049	-70.59
31.851141	-70.73
32.312830	-70.72
32.781212	-70.56
33.256382	-70.26
33.738440	-69.84
34.227486	-69.36
34.723620	-68.85
35.226947	-68.33
35.737568	-67.81
36.255592	-67.31
36.781124	-66.81
37.314274	-66.32
37.855152	-65.81
38.403871	-65.30
38.960543	-64.77
39.525284	-64.22
40.098211	-63.64
40.679443	-63.02
41.269100	-62.38
41.867304	-61.73
42.474180	-61.09
43.089852	-60.48
43.714448	-59.91
44.348098	-59.38
44.990933	-58.88
45.643086	-58.39
46.304692	-57.88
46.975888	-57.37
47.656813	-56.84
48.347609	-56.34
49.048418	-55.91
49.759385	-55.59
50.480657	-55.37
51.212385	-55.25
51.954719	-55.16
52.707813	-55.06
53.471824	-54.91
54.246909	-54.68
55.033230	-54.40
55.830948	-54.07
56.640229	-53.70
57.461241	-53.29
58.294153	-52.84
59.139139	-52.37
59.996373	-51.90
60.866033	-51.46
61.748299	-51.10
62.643354	-50.81
63.551382	-50.60
64.472573	-50.45
65.407116	-50.32
66.355206	-50.19
67.317038	-50.00
68.292813	-49.75
69.282731	-49.50
70.286999	-49.38
71.305824	-49.48
72.339416	-49.82
73.387991	-50.37
74.451765	-51.12
75.530959	-52.02
76.625796	-52.98
77.736503	-53.84
78.863310	-54.36
80.006450	-54.37
81.166160	-53.98
82.342680	-53.44
83.536255	-52.91
84.747130	-52.32
85.975557	-51.64
87.221791	-50.97
88.486089	-50.44
89.768713	-50.13
91.069929	-50.04
92.390007	-50.05
93.729219	-49.83
95.087844	-49.14
96.466162	-48.28
97.864459	-47.55
99.283025	-46.95
100.722153	-46.38
102.182141	-45.74
103.663293	-45.03
105.165914	-44.39
106.690316	-43.97
108.236814	-43.76
109.805729	-43.69
111.397386	-43.82
113.012114	-44.25
114.650248	-44.83
116.312128	-45.24
117.998096	-45.06
119.708503	-44.49
121.443703	-44.14
123.204054	-44.02
124.989923	-43.93
126.801678	-43.97
128.639694	-44.09
130.504354	-43.97
132.396041	-43.62
134.315150	-43.24
136.262076	-43.00
138.237223	-43.00
140.241000	-43.31
142.273823	-43.87
144.336111	-44.14
146.428293	-43.86
148.550802	-43.72
150.704076	-44.08
152.888563	-44.68
155.104715	-45.00
157.352990	-45.07
159.633854	-45.01
161.947780	-44.61
164.295247	-44.09
166.676741	-44.09
169.092755	-44.65
171.543790	-45.66
174.030353	-46.34
176.552959	-46.37
179.112131	-46.83
181.708398	-47.61
184.342299	-47.91
187.014379	-47.75
189.725192	-47.21
192.475298	-46.77
195.265267	-46.93
198.095678	-47.51
200.967116	-48.14
203.880176	-48.57
206.835462	-49.03
209.833585	-49.72
212.875166	-51.18
215.960836	-53.66
219.091233	-53.89
222.267006	-52.90
225.488813	-53.69
228.757320	-54.79
232.073205	-56.58
235.437154	-57.04
238.849865	-51.60
242.312043	-47.58
245.824407	-47.08
249.387683	-47.56
253.002609	-48.78
256.669935	-51.26
260.390419	-53.28
264.164832	-52.09
267.993956	-50.10
271.878584	-49.38
275.819521	-49.14
279.817582	-49.86
283.873596	-51.13
287.988403	-50.83
292.162855	-49.54
296.397817	-49.01
300.694165	-48.55
305.052789	-47.90
309.474593	-47.45
313.960491	-47.68
318.511414	-49.32
323.128303	-50.47
327.812115	-52.61
332.563820	-54.51
337.384402	-56.00
342.274859	-57.98
347.236204	-63.43
352.269465	-60.41
357.375684	-55.72
362.555919	-51.02
367.811243	-49.23
373.142743	-48.84
378.551525	-48.53
384.038708	-48.16
389.605429	-49.49
395.252841	-49.87
400.982113	-50.93
406.794432	-52.27
412.691002	-53.43
418.673044	-51.18
424.741797	-49.72
430.898518	-49.35
437.144481	-48.41
443.480981	-48.36
449.909331	-48.28
456.430860	-48.31
463.046920	-49.73
469.758882	-50.34
476.568134	-50.67
483.476089	-54.62
490.484175	-58.10
497.593845	-58.68
504.806572	-54.14
512.123848	-51.69
519.547190	-51.15
527.078134	-50.97
534.718242	-54.28
542.469094	-57.65
550.332296	-53.30
558.309477	-52.64
566.402289	-52.09
574.612408	-49.66
582.941535	-50.03
591.391394	-51.35
599.963735	-50.17
608.660334	-50.84
617.482992	-52.47
626.433537	-52.38
635.513821	-53.59
644.725726	-55.75
654.071160	-57.20
663.552057	-58.89
673.170382	-55.37
682.928127	-55.06
692.827312	-52.26
702.869989	-50.69
713.058235	-50.61
723.394163	-52.00
733.879912	-53.70
744.517654	-52.59
755.309592	-53.66
766.257962	-54.94
777.365030	-53.53
788.633098	-57.39
800.064499	-64.58
811.661600	-54.70
823.426804	-50.94
835.362547	-50.03
847.471301	-53.36
859.755574	-54.43
872.217910	-53.98
884.860890	-52.64
897.687132	-50.42
910.699294	-53.29
923.900070	-62.07
937.292194	-59.56
950.878439	-57.72
964.661620	-60.10
978.644591	-55.67
992.830248	-53.33
1007.221529	-51.50
1021.821414	-51.90
1036.632928	-57.24
1051.659138	-66.21
1066.903156	-63.22
1082.368140	-61.69
1098.057291	-58.16
1113.973860	-58.80
1130.121143	-56.37
1146.502484	-57.33
1163.121276	-58.86
1179.980961	-58.43
1197.085030	-52.93
1214.437027	-51.25
1232.040544	-56.71
1249.899229	-60.01
1268.016778	-55.59
1286.396945	-55.17
1305.043536	-52.09
1323.960414	-53.86
1343.151496	-58.74
1362.620756	-58.03
1382.372227	-57.86
1402.410000	-57.39
1422.738225	-56.06
1443.361112	-56.55
1464.282931	-58.22
1485.508017	-55.44
1507.040765	-54.35
1528.885634	-57.84
1551.047150	-65.86
1573.529901	-60.95
1596.338544	-58.11
1619.477804	-59.21
1642.952471	-58.76
1666.767409	-62.15
1690.927550	-67.54
1715.437896	-63.47
1740.303526	-60.64
1765.529587	-60.12
1791.121306	-57.96
1817.083982	-59.84
1843.422992	-65.58
1870.143792	-62.68
1897.251916	-60.17
1924.752977	-61.36
1952.652672	-65.16
1980.956779	-62.88
2009.671159	-62.62
2038.801761	-61.58
2068.354617	-64.90
2098.335847	-68.06
2128.751662	-62.81
2159.608360	-64.56
2190.912333	-63.82
2222.670063	-66.16
2254.888128	-63.63
2287.573200	-64.92
2320.732050	-66.75
2354.371544	-70.49
2388.498649	-65.55
2423.120434	-62.72
2458.244069	-68.65
2493.876828	-70.85
2530.026092	-67.59
2566.699346	-70.76
2603.904187	-65.68
2641.648320	-66.22
2679.939562	-69.90
2718.785844	-73.73
2758.195211	-67.64
2798.175824	-66.38
2838.735965	-71.20
2879.884033	-68.74
2921.628551	-72.74
2963.978165	-69.47
3006.941645	-65.45
3050.527890	-67.25
3094.745927	-72.59
3139.604913	-68.00
3185.114139	-70.02
3231.283032	-71.44
3278.121151	-70.54
3325.638200	-72.71
3373.844017	-75.63
3422.748588	-70.14
3472.362041	-72.18
3522.694651	-75.21
3573.756843	-75.42
3625.559192	-74.50
3678.112427	-75.58
3731.427432	-76.16
3785.515249	-78.07
3840.387080	-76.11
3896.054290	-75.35
3952.528408	-77.78
4009.821129	-75.20
4067.944321	-79.30
4126.910020	-80.55
4186.730440	-76.20
4247.417969	-73.53
4308.985176	-75.63
4371.444813	-72.18
4434.809815	-71.88
4499.093306	-69.62
4564.308599	-72.77
4630.469202	-69.92
4697.588817	-71.13
4765.681344	-71.22
4834.760887	-70.31
4904.841752	-69.40
4975.938453	-71.83
5048.065717	-69.12
5121.238480	-71.80
5195.471897	-71.35
5270.781343	-71.37
5347.182415	-72.57
5424.690937	-69.79
5503.322961	-73.89
5583.094772	-70.88
5664.022893	-73.20
5746.124083	-71.72
5829.415347	-72.02
5913.913936	-74.40
5999.637349	-72.42
6086.603340	-76.50
6174.829922	-74.01
6264.335367	-75.30
6355.138211	-74.84
6447.257262	-75.56
6540.711597	-77.26
6635.520573	-76.14
6731.703824	-80.50
6829.281272	-80.68
6928.273125	-82.34
7028.699885	-80.40
7130.582353	-80.52
7233.941627	-80.38
7338.799116	-81.52
7445.176537	-80.31
7553.095920	-81.92
7662.579617	-80.18
7773.650302	-80.03
7886.330981	-80.22
8000.644989	-78.29
8116.616003	-78.29
8234.268041	-76.75
8353.625470	-76.13
8474.713009	-76.16
8597.555737	-75.74
8722.179097	-78.84
8848.608897	-78.62
8976.871324	-78.79
9106.992942	-81.61
9239.000700	-81.78
9372.921937	-83.37
9508.784391	-86.71
9646.616199	-84.72
9786.445908	-85.06
9928.302478	-86.63
10072.215288	-85.86
10218.214144	-88.77
10366.329284	-90.65
10516.591384	-92.26
10669.031565	-93.32
10823.681397	-93.29
10980.572911	-94.70
11139.738600	-94.18
11301.211429	-95.01
11465.024840	-95.27
11631.212760	-95.74
11799.809609	-95.86
11970.850305	-96.16
12144.370271	-95.43
12320.405445	-93.99
12498.992285	-95.20
12680.167779	-95.44
12863.969449	-97.28
13050.435363	-97.61
13239.604139	-98.67
13431.514956	-99.37
13626.207560	-100.42
13823.722274	-102.08
14024.100004	-103.14
14227.382252	-103.94
14433.611118	-102.50
14642.829314	-103.95
14855.080172	-104.42
15070.407650	-105.70
15288.856344	-105.77
15510.471498	-105.87
15735.299010	-106.36
15963.385443	-106.67
16194.778036	-106.10
16429.524714	-103.05
16667.674093	-104.71
16909.275497	-102.22
17154.378963	-103.58
17403.035256	-102.35
17655.295873	-105.42
17911.213060	-107.09
18170.839820	-107.41
18434.229924	-107.91
18701.437922	-107.88
18972.519156	-107.51
19247.529769	-107.28
19526.526718	-108.19
19809.567786	-107.61
20096.711592	-108.45
20388.017608	-108.13
20683.546166	-108.49
20983.358471	-108.33
21287.516618	-108.46
21596.083601	-108.24
21909.123326	-108.38
22226.700627	-108.64